68 99 0 20 21 22 69 140 20 21 0 20 21 117 0 
0 35 20 21 140 20 0 21 
0 35 20 73 23 73 23 73 23 73 23 73 23 73 23 73 21 140 20 0 14 0 20 73 21 21 
0 35 37 73 23 73 23 73 23 73 23 73 23 73 38 0 35 151 20 0 21 140 20 0 21 
0 35 20 1 23 1 23 1 23 1 23 1 23 1 23 1 21 0 0 119 0 22 72 140 20 0 21 
0 35 20 73 23 73 23 73 23 73 21 140 20 0 20 0 21 21 
0 35 20 73 23 73 23 73 23 73 23 73 23 73 21 0 35 20 73 23 73 23 73 23 73 21 0 35 151 20 0 26 0 21 140 20 132 20 0 21 21 
0 35 20 1 23 1 23 1 23 1 23 1 23 1 23 1 21 0 0 119 0 22 72 117 0 36 1 42 1 22 72 140 20 0 21 
0 35 20 73 23 73 23 73 23 73 23 73 23 73 23 73 21 0 35 0 37 1 22 1 38 140 20 0 21 
0 35 20 73 23 73 23 73 23 73 23 73 23 73 23 73 21 140 20 0 14 0 20 73 21 21 
0 35 39 73 22 73 23 73 22 73 23 73 22 73 40 0 0 119 0 22 72 140 20 0 21 
0 35 39 73 22 73 23 73 22 73 23 73 22 73 40 0 0 119 0 22 72 140 20 0 23 0 37 0 38 21 0 35 0 14 128 20 21 0 0 119 0 22 72 140 20 0 21 
0 35 20 73 23 73 23 1 23 73 21 140 20 0 21 
0 35 20 21 140 20 0 21 68 0 35 20 1 23 1 23 1 21 140 20 0 21 68 0 35 20 1 23 73 23 11 21 140 20 0 21 68 0 35 20 73 23 37 1 23 1 23 1 38 23 20 1 23 1 23 1 21 21 140 20 0 21 
0 35 20 73 21 140 20 153 20 0 21 21 68 0 35 20 73 23 21 140 20 153 20 0 21 21 68 0 35 73 23 140 20 153 20 0 21 21 
0 35 20 73 23 73 23 73 23 73 23 73 23 73 23 73 23 73 23 73 21 68 140 20 0 37 1 38 21 140 20 0 37 1 38 21 
0 35 20 73 23 73 23 73 23 73 23 73 23 73 23 73 23 73 23 73 21 68 140 20 0 37 27 1 38 21 140 20 0 37 27 1 38 21 
0 35 20 73 23 73 23 73 23 73 23 73 23 73 23 73 23 73 23 73 21 68 140 20 0 37 1 22 1 38 21 68 140 20 0 37 22 27 1 38 21 68 140 20 0 37 1 22 38 21 68 140 20 0 37 22 38 21 
0 35 20 73 23 73 23 73 23 73 23 73 23 21 68 140 20 0 14 0 20 73 21 21 140 20 0 14 122 20 73 21 21 
0 35 20 73 23 73 23 73 21 68 0 0 119 0 22 72 140 20 0 21 
0 35 20 73 23 73 23 73 21 68 140 20 73 119 0 21 140 20 73 119 0 21 
0 35 20 1 23 1 21 140 20 153 20 0 21 21 68 0 35 20 1 23 1 23 73 23 37 1 23 1 38 21 140 20 0 21 20 1 23 1 23 73 23 37 1 23 1 38 21 140 20 153 20 0 21 21 68 0 35 1 23 1 23 1 23 1 140 20 153 20 0 21 21 
0 35 20 21 140 20 153 20 0 21 21 68 0 35 20 1 21 140 20 153 20 0 21 21 68 0 35 20 37 1 23 1 38 21 140 20 153 20 0 21 21 68 0 35 20 1 23 21 140 20 153 20 0 21 21 68 0 35 20 37 1 23 1 38 23 21 140 20 153 20 0 21 21 
0 35 20 73 23 21 140 20 0 21 
0 35 20 1 23 1 23 1 21 0 0 119 0 22 72 140 20 0 51 1 21 
0 35 20 1 23 1 23 73 23 1 21 140 20 75 21 140 20 75 21 68 0 35 20 1 23 1 23 1 23 1 23 1 21 140 20 0 37 27 1 22 38 21 68 140 20 0 37 22 1 38 21 
0 35 20 1 23 1 23 1 23 1 21 0 35 0 20 0 21 140 20 0 21 37 1 23 1 23 1 23 1 38 140 20 153 20 0 21 21 68 0 35 20 1 23 1 23 1 21 132 20 0 21 
0 35 20 1 23 73 23 1 23 1 23 73 21 140 20 0 14 0 20 73 21 21 140 20 0 14 0 20 1 21 21 
0 35 20 1 23 73 23 1 23 1 23 73 21 140 20 0 14 122 20 73 21 21 140 20 0 14 122 20 1 21 21 
0 35 20 1 23 1 21 0 35 20 73 23 73 21 0 35 0 26 0 140 20 0 21 
0 35 20 73 23 73 23 73 21 140 20 0 21 0 35 20 73 23 73 23 73 23 73 23 73 21 140 20 0 21 
0 35 20 73 23 73 23 73 21 140 20 132 20 0 21 21 
0 35 20 73 23 21 140 20 153 20 0 21 21 68 0 35 20 73 21 140 20 153 20 0 21 21 
0 35 20 73 23 73 23 73 21 0 35 20 1 23 1 23 1 23 1 23 1 21 0 35 20 150 23 0 23 0 21 0 35 20 73 23 1 23 150 23 1 23 73 21 
0 35 20 1 23 1 23 1 23 1 23 1 23 1 21 68 140 20 0 37 1 38 21 68 140 20 0 37 1 38 21 140 20 0 37 27 1 38 21 140 20 0 37 1 22 38 21 
0 35 20 73 23 73 23 73 21 140 20 153 20 0 21 21 
0 35 151 20 20 73 23 73 23 73 21 21 140 20 0 21 
0 35 20 1 23 37 1 23 1 23 1 38 23 20 1 23 1 23 1 21 23 11 21 140 20 0 21 140 20 153 20 0 21 21 140 20 153 20 20 73 21 21 21 140 20 73 23 0 37 1 38 21 140 20 73 23 0 37 27 1 38 21 140 20 73 23 153 20 0 37 1 38 21 21 140 20 0 37 1 38 37 1 38 21 
0 35 1 23 1 23 1 23 1 23 1 23 1 140 20 0 37 22 1 38 21 140 20 0 37 1 22 38 21 140 20 0 37 27 1 22 38 21 140 20 0 37 1 22 1 38 21 
0 35 20 1 23 1 21 0 35 20 1 23 1 21 140 20 0 26 0 21 
0 35 20 1 23 1 23 1 23 1 21 140 20 0 28 1 21 
0 35 1 0 35 1 140 20 73 21 140 20 75 21 20 0 23 0 21 35 20 0 23 0 21 140 20 73 21 140 20 75 21 
99 0 20 0 23 0 23 0 21 22 72 0 35 0 26 0 26 0 0 35 0 29 1 142 20 0 23 0 21 20 0 23 0 21 35 0 20 1 23 1 23 1 21 140 20 73 23 0 21 140 20 73 23 0 21 
0 35 20 73 23 73 23 1 23 1 21 24 0 35 20 1 23 1 23 1 23 1 23 1 21 24 0 35 73 23 73 23 73 23 73 24 
0 35 20 21 0 35 20 1 23 21 0 35 20 73 23 73 23 1 23 1 21 0 35 20 1 23 1 23 1 23 1 23 1 23 1 23 1 21 140 20 73 23 0 37 1 38 21 140 20 73 23 0 37 1 22 1 38 21 
0 35 151 20 20 73 23 73 23 73 21 21 140 20 0 21 
0 35 20 1 23 11 21 0 35 20 73 23 73 21 68 0 35 0 26 0 140 20 0 21 
0 35 20 21 140 20 73 21 140 20 0 21 68 0 35 20 73 23 73 21 140 20 73 21 140 20 0 21 68 0 35 37 1 23 1 23 1 23 1 23 1 38 140 20 73 21 140 20 151 20 0 21 21 68 0 35 151 20 73 21 140 20 73 21 140 20 0 21 
0 35 20 1 23 73 23 1 23 73 21 140 20 73 21 140 20 0 21 68 0 35 20 1 23 1 23 1 23 1 21 0 35 20 73 23 73 21 0 35 20 0 23 0 21 140 20 73 21 140 20 0 21 68 0 35 20 73 23 21 28 1 140 20 73 21 140 20 0 21 68 0 35 20 73 21 0 35 1 140 20 73 21 0 0 119 143 20 1 20 0 21 21 22 72 0 35 20 0 23 21 140 20 0 21 
0 35 20 1 23 73 23 1 23 73 21 140 20 73 21 140 20 0 21 68 0 35 20 1 23 1 23 1 23 1 21 0 35 20 73 23 73 21 0 35 20 0 23 0 21 140 20 73 21 140 20 0 21 68 0 35 20 73 23 21 28 1 140 20 73 21 140 20 0 21 68 0 35 20 73 21 0 35 1 140 20 73 21 0 0 119 143 20 1 20 0 21 21 22 69 0 35 20 0 23 21 140 20 0 21 
0 35 151 20 73 21 140 20 73 21 140 20 0 37 1 38 21 68 0 35 20 73 23 73 23 73 21 68 0 23 0 23 0 35 0 140 20 73 21 140 20 0 21 140 20 0 21 140 20 0 21 
0 35 20 1 23 1 23 1 23 1 21 0 35 20 73 23 73 23 73 21 68 0 35 0 26 0 68 140 20 73 21 140 20 0 21 68 140 20 73 21 140 20 0 21 68 140 20 73 21 140 20 0 21 
0 35 151 20 73 21 68 140 20 73 21 140 20 0 37 1 22 38 21 68 140 20 73 21 140 20 0 37 22 22 27 1 38 21 68 140 20 73 21 140 20 0 37 1 22 1 38 21 
0 35 20 21 140 20 0 21 68 0 35 20 73 23 73 23 73 23 73 21 140 20 0 21 68 0 35 20 1 23 1 23 1 23 1 23 1 21 140 20 0 21 68 0 35 20 1 23 73 23 150 23 1 23 1 21 140 20 0 21 
0 35 73 23 73 23 73 23 73 140 20 0 21 68 0 35 1 23 1 23 1 23 1 23 1 140 20 0 21 68 0 35 1 23 73 23 150 23 1 23 1 140 20 0 21 
0 35 20 73 21 140 20 0 21 140 20 153 20 0 21 21 68 0 35 20 73 23 21 140 20 0 21 140 20 153 20 0 21 21 
0 35 20 1 23 1 23 1 23 1 23 1 23 1 23 1 23 1 23 1 23 1 23 21 0 35 20 73 23 73 23 73 23 73 23 73 21 0 35 0 26 0 140 20 0 21 
0 35 20 73 23 73 23 73 23 73 21 140 20 0 37 1 38 21 140 20 0 37 1 38 21 140 20 0 37 1 38 21 140 20 0 37 1 38 21 68 0 35 20 1 23 1 23 1 23 1 23 1 21 140 20 0 37 1 38 21 140 20 0 37 1 38 21 140 20 0 37 1 38 21 
0 35 20 73 23 73 23 73 23 73 21 140 20 0 37 27 1 38 21 140 20 0 37 27 1 38 21 140 20 0 37 27 1 38 21 140 20 0 37 27 1 38 21 
0 35 20 73 23 73 23 73 23 73 21 0 23 0 23 0 23 0 35 0 140 20 0 23 0 23 0 23 0 21 
0 35 20 73 23 73 23 73 23 73 21 140 20 73 23 153 20 0 21 21 68 0 35 20 1 23 1 23 1 23 1 23 1 21 140 20 73 23 153 20 0 21 21 
0 35 151 20 73 21 140 20 0 21 0 35 151 20 37 1 23 1 23 1 23 1 23 1 38 21 140 20 0 21 0 35 151 20 39 1 23 1 23 1 23 1 23 1 40 21 140 20 0 21 0 35 151 20 39 1 22 73 23 1 22 73 40 21 140 20 0 21 
0 35 20 1 23 1 23 1 23 1 23 1 23 1 23 1 23 1 23 1 23 1 23 1 23 1 23 1 23 1 21 140 20 0 14 0 20 1 21 21 140 20 0 14 122 20 1 21 21 
0 35 20 1 23 1 23 1 23 1 23 1 21 0 35 20 1 23 1 23 1 23 1 23 1 21 0 35 0 26 0 140 20 0 21 
0 35 20 1 23 1 23 1 23 37 1 23 1 38 21 0 37 1 38 37 1 38 35 1 140 20 0 21 68 0 35 20 73 23 73 21 140 20 0 21 
0 35 20 1 23 1 23 1 23 1 23 1 23 1 23 1 23 1 23 1 23 1 21 140 20 0 37 27 1 22 38 21 
0 35 20 1 23 1 23 1 23 1 23 1 23 1 23 1 23 1 23 1 23 1 21 140 20 0 37 1 22 1 38 21 140 20 0 37 1 22 38 21 140 20 0 37 22 1 38 21 
0 35 20 73 23 73 23 73 23 73 23 73 21 117 73 119 0 22 140 20 150 21 103 22 140 20 0 21 
0 35 37 1 23 1 23 1 23 1 23 1 38 0 35 151 20 0 21 140 20 0 21 0 35 151 20 20 73 23 73 21 21 140 20 0 21 
0 35 20 20 1 23 1 21 23 20 1 23 1 21 23 20 1 23 1 21 23 20 1 23 1 21 21 140 20 0 37 1 38 37 1 38 21 140 20 0 37 1 38 37 1 38 21 
68 0 35 20 73 23 73 23 73 23 73 21 68 140 20 0 14 122 20 73 21 21 
0 35 1 156 0 33 1 22 72 140 20 73 21 0 35 0 26 1 
0 35 1 0 35 1 20 121 20 73 21 21 0 35 1 156 0 45 0 22 72 0 35 0 28 0 0 52 1 140 20 0 21 
0 0 119 143 20 1 21 22 72 0 0 119 143 20 1 21 22 72 140 20 0 23 105 35 73 21 140 20 21 
0 35 73 0 0 119 0 22 72 140 20 0 23 105 35 73 21 
0 35 73 0 35 1 156 0 33 132 20 0 21 22 72 140 20 0 37 0 38 23 105 35 73 21 0 35 0 26 1 
0 35 73 0 35 73 0 35 1 0 0 119 0 22 72 117 0 42 73 22 72 0 35 0 26 1 140 20 73 23 0 21 
0 35 73 0 35 73 0 0 119 0 22 72 117 0 119 0 22 72 140 20 0 23 105 35 73 21 
0 35 73 0 35 73 0 0 119 0 22 72 117 135 0 119 0 22 72 140 20 0 23 105 35 73 21 
0 35 73 0 35 73 0 35 73 0 35 73 0 35 121 20 73 21 0 0 119 0 22 72 117 0 119 0 22 72 0 35 0 26 0 117 0 119 0 22 72 0 35 0 26 0 140 20 73 23 0 21 140 20 73 23 0 21 
0 35 37 1 23 1 23 1 23 1 23 1 38 0 35 37 38 0 0 119 0 22 72 0 14 89 20 0 28 0 21 140 20 0 21 
0 35 37 1 23 1 23 1 23 1 23 1 23 1 23 1 23 1 23 1 38 0 35 1 0 0 119 0 22 72 0 35 0 26 0 140 20 73 23 0 29 132 20 0 21 21 
0 82 0 35 37 1 23 1 23 1 23 1 23 1 23 1 23 1 23 1 23 1 23 1 38 0 0 119 0 82 0 22 72 117 0 36 1 42 1 22 72 140 20 0 23 105 35 73 21 
0 35 1 156 0 33 1 22 72 140 20 0 21 0 35 0 26 1 
0 35 37 37 1 23 1 38 23 37 1 23 1 38 23 37 1 23 1 38 23 37 1 23 1 38 38 0 0 119 0 22 72 140 20 0 23 105 35 73 21 
0 35 37 37 1 23 1 38 23 37 1 23 1 38 23 37 1 23 1 38 23 37 1 23 1 38 38 0 0 23 0 119 0 22 72 140 20 0 23 105 35 73 21 140 20 0 23 105 35 73 21 
0 35 37 37 1 23 1 38 23 37 1 23 1 38 23 37 1 23 1 38 23 37 1 23 1 38 38 0 0 119 0 22 72 0 0 119 0 22 72 140 20 0 23 105 35 73 21 
140 20 28 143 20 1 21 21 
140 20 28 143 20 1 23 1 21 21 
140 20 28 143 20 1 23 1 23 1 21 21 
0 35 1 0 0 119 143 20 1 21 22 72 0 35 0 26 0 140 20 73 23 0 21 
0 0 119 143 20 1 23 1 23 27 1 21 22 72 140 20 0 23 105 35 73 21 
0 0 119 143 20 1 23 1 23 1 21 22 72 140 20 0 23 105 35 73 21 
0 35 1 20 121 20 73 21 21 0 35 1 20 121 20 73 21 21 0 0 119 143 20 1 23 0 26 1 21 22 72 0 0 119 143 20 1 23 0 26 1 21 22 72 140 20 0 23 105 35 73 21 140 20 21 
0 35 1 156 0 33 1 22 72 140 20 0 21 0 35 0 26 1 140 20 73 21 
0 35 37 73 23 73 23 73 23 73 23 73 38 0 35 73 0 35 37 73 23 73 23 73 23 73 38 0 23 0 23 0 35 1 23 1 23 1 0 35 121 20 73 21 0 0 119 0 22 72 117 0 119 0 22 72 0 52 1 117 0 119 0 22 72 0 52 1 117 0 119 0 22 72 0 52 1 140 20 73 14 0 20 0 23 0 23 0 21 21 
0 0 119 143 20 1 23 1 21 22 72 117 0 42 1 138 0 42 1 22 72 94 140 20 0 21 
0 35 1 156 0 33 1 22 72 0 35 0 26 1 117 0 42 1 138 0 42 1 22 72 94 140 20 0 21 
0 35 1 156 0 33 1 22 72 117 0 42 1 138 0 42 1 22 72 94 0 35 0 26 1 140 20 0 21 
0 35 37 73 23 73 23 73 38 0 35 37 73 23 73 23 73 38 0 0 119 0 22 72 0 0 119 0 22 72 140 20 0 23 0 21 
0 35 1 156 0 33 1 22 72 0 35 1 156 0 33 1 22 72 140 20 73 14 0 20 0 23 0 21 21 0 35 0 26 1 0 35 0 26 1 
0 35 1 20 121 20 73 21 21 0 35 1 0 0 119 143 20 1 23 0 21 22 72 117 0 36 0 42 1 22 72 0 52 1 117 0 42 1 22 72 140 20 73 21 103 22 72 140 20 73 21 
0 35 1 20 121 20 73 21 21 0 35 0 0 0 119 143 20 1 23 0 26 1 21 22 72 140 20 0 28 73 23 20 1 28 0 27 1 21 28 73 21 0 35 0 27 1 
0 35 37 1 23 1 23 1 23 1 23 1 23 1 23 1 23 1 38 0 35 1 0 35 1 0 0 119 143 20 132 20 0 21 21 22 72 117 0 37 0 38 34 0 22 72 0 35 0 37 0 38 117 0 37 0 38 33 0 22 72 0 35 0 37 0 38 140 20 73 14 0 20 0 23 0 21 21 
0 35 37 1 23 1 23 1 23 1 23 1 23 1 23 1 38 0 35 37 73 23 73 23 73 23 73 23 73 23 73 23 73 38 0 35 37 38 0 0 119 143 20 132 20 0 21 21 22 72 0 14 89 20 20 0 37 0 38 23 0 37 0 38 21 21 140 20 0 21 
0 35 1 156 0 33 1 22 72 140 20 0 21 
0 35 73 0 0 119 0 22 72 117 0 43 73 22 72 140 20 0 23 105 35 73 21 
0 35 37 73 23 73 23 73 38 0 0 119 0 22 72 140 20 0 21 
0 0 119 73 22 72 140 20 0 21 
0 35 37 73 23 73 23 73 38 0 0 119 0 22 72 140 20 0 21 117 0 42 73 22 72 90 
0 35 37 73 23 73 23 73 38 0 0 119 0 22 72 117 0 42 73 22 72 90 140 20 0 21 
0 35 37 73 23 73 23 73 38 0 0 119 0 22 72 117 0 42 73 22 72 94 140 20 0 21 
0 0 119 143 20 1 21 22 72 140 20 0 21 
0 0 119 143 20 1 23 1 21 22 72 140 20 0 21 
0 0 119 143 20 1 23 1 23 1 21 22 72 140 20 0 21 
0 0 119 143 20 1 21 22 72 140 20 0 21 103 22 72 140 20 73 21 
0 35 1 156 0 45 1 22 72 117 0 36 1 42 1 22 72 140 20 0 23 105 35 73 21 0 35 0 26 1 
0 0 119 143 20 1 21 22 72 117 0 42 1 22 90 140 20 0 21 103 22 72 140 20 73 21 
0 35 37 73 23 73 23 73 38 0 35 37 73 23 73 23 73 38 68 0 0 119 0 22 72 0 0 119 0 22 72 140 20 0 23 0 21 
0 0 119 37 1 23 1 23 1 38 22 72 139 
0 35 1 156 0 33 1 22 72 140 20 0 21 0 52 1 
0 35 1 156 0 33 1 22 72 140 20 0 21 117 0 42 1 22 72 90 0 52 1 
0 35 1 156 0 33 1 22 72 0 52 1 117 0 42 1 22 72 94 140 20 0 21 
0 35 1 156 0 33 1 22 72 140 20 0 21 0 52 1 103 22 72 140 20 73 21 
0 35 37 73 23 73 23 73 23 73 38 68 0 0 119 0 22 72 140 20 0 21 
155 35 143 20 1 21 68 0 0 119 155 22 72 140 20 0 21 
0 35 37 1 23 1 23 1 38 68 0 0 119 0 22 72 140 20 0 21 103 22 72 140 20 73 21 
0 35 1 0 35 1 156 0 45 1 22 72 0 35 0 26 0 0 35 0 26 1 140 20 73 23 0 21 
0 35 1 0 35 1 68 156 0 45 0 22 72 140 20 0 21 0 35 0 26 1 
0 35 1 68 0 35 1 20 121 20 73 21 21 68 156 0 43 1 22 72 0 52 0 0 35 1 20 121 20 73 21 21 140 20 73 23 0 21 
0 35 1 68 156 0 33 1 22 72 140 20 73 21 0 35 0 26 1 103 22 72 140 20 73 21 
0 35 73 0 0 119 0 22 69 140 20 0 21 
0 35 1 68 156 0 33 1 22 72 117 0 42 1 22 72 90 68 140 20 73 21 0 35 0 26 1 103 22 72 140 20 73 21 
0 35 20 1 23 1 23 1 23 1 21 68 0 35 1 68 0 0 119 0 22 72 0 35 0 26 0 68 140 20 75 21 
0 35 37 73 23 73 23 73 23 73 38 0 0 119 0 22 72 140 20 73 26 0 21 0 0 119 0 22 72 140 20 0 21 140 20 73 21 
0 0 119 143 20 1 21 22 72 140 20 73 23 0 21 0 0 119 143 20 1 23 1 23 1 21 22 72 140 20 73 23 0 21 
0 35 37 1 23 1 23 1 23 1 23 1 23 1 38 0 35 1 0 35 0 0 0 119 0 22 72 117 0 42 0 22 72 0 35 150 90 140 20 75 21 
0 35 37 1 23 1 23 27 1 23 1 23 27 1 23 1 38 68 0 35 1 68 0 0 119 0 22 72 117 0 33 1 22 72 94 0 52 0 68 140 20 75 21 
0 35 1 156 150 22 72 140 20 0 21 0 52 1 117 0 42 1 22 72 90 140 20 73 21 
99 0 20 0 21 22 72 0 35 1 68 0 0 119 0 22 72 117 0 36 1 43 1 22 72 90 68 0 52 0 103 22 72 140 20 73 21 140 20 75 21 68 0 20 37 1 23 1 23 1 23 1 38 21 68 0 20 37 1 23 1 23 1 23 1 38 21 
0 35 37 73 23 73 23 73 23 73 38 68 0 0 119 0 22 72 140 20 0 21 68 0 122 23 0 119 0 20 0 21 22 72 140 20 122 23 0 21 
0 35 1 156 20 0 33 1 21 22 69 0 35 0 26 1 140 20 73 21 
0 35 1 156 20 0 33 1 21 22 69 0 35 0 26 1 140 20 73 21 103 22 69 140 20 73 21 
0 35 1 0 0 119 143 20 1 23 0 21 22 69 140 20 0 21 
140 20 73 21 0 35 37 73 23 73 23 73 38 0 0 119 0 22 69 140 20 0 21 68 140 20 73 21 0 35 20 73 23 73 23 73 21 0 0 119 0 22 69 140 20 0 21 68 140 20 73 21 0 35 73 0 0 119 0 22 69 140 20 0 21 68 140 20 73 21 0 35 101 20 21 0 37 73 38 35 1 0 37 73 38 35 1 0 0 119 0 22 69 140 20 73 36 20 0 23 0 37 0 38 21 21 68 140 20 73 21 0 35 39 1 23 1 23 1 23 1 23 1 23 1 40 0 0 119 0 22 69 140 20 0 21 23 
134 35 37 73 23 73 23 73 38 0 122 119 143 20 132 20 134 21 21 22 69 140 20 134 37 122 38 21 
134 35 37 73 23 73 23 73 38 0 122 119 143 20 132 20 134 21 21 22 69 140 20 134 37 122 38 21 103 22 69 140 20 73 21 
0 0 119 73 22 69 117 0 42 73 138 0 42 73 22 72 94 140 20 73 23 0 21 
0 0 119 73 22 68 72 117 0 42 73 138 0 42 73 22 72 90 68 140 20 73 23 0 21 
0 35 37 38 156 1 22 72 0 35 121 20 73 21 117 0 42 73 22 72 90 0 14 89 20 0 21 140 20 73 23 0 21 
0 0 119 73 22 69 139 140 20 73 23 0 21 
0 35 37 73 23 73 23 73 38 68 0 0 119 0 22 68 69 140 20 0 21 
0 35 37 73 23 73 23 73 38 0 0 119 0 22 72 140 20 0 21 
0 0 119 37 1 23 1 23 1 23 1 23 1 38 22 72 0 35 0 28 0 140 20 0 21 
0 0 119 143 20 1 21 22 72 140 20 0 21 68 0 0 119 143 20 1 23 1 21 22 72 140 20 0 21 68 0 0 119 143 20 1 23 1 23 1 21 22 72 140 20 0 21 
0 35 1 156 150 22 72 140 20 0 21 0 52 1 117 0 46 1 22 72 90 68 0 0 119 143 20 1 21 22 72 117 0 36 1 42 1 22 72 94 140 20 0 21 
0 35 1 156 20 0 33 1 21 22 72 140 20 0 21 0 52 1 103 22 72 140 20 73 36 20 0 21 21 68 0 0 119 143 20 1 23 1 21 22 72 117 20 0 36 1 42 1 21 22 72 90 140 20 0 21 103 22 72 140 20 73 21 
0 35 37 1 23 1 23 1 23 1 23 1 38 0 0 119 143 20 132 20 0 21 21 22 72 0 14 89 20 0 37 0 38 26 1 21 140 20 0 21 
0 35 37 1 23 1 23 1 23 1 23 1 23 1 23 1 23 1 23 1 38 68 0 35 1 68 0 0 119 143 20 132 20 0 21 21 22 68 72 0 35 0 26 0 37 0 38 51 1 68 140 20 73 23 0 21 
0 35 73 0 35 73 68 0 35 39 73 22 1 23 73 22 1 23 73 22 1 40 99 0 20 0 21 22 72 0 0 119 0 22 72 117 0 42 0 22 72 142 0 37 0 38 90 103 22 72 142 75 68 140 20 75 23 0 20 0 21 21 140 20 75 23 0 20 0 21 21 
0 35 1 0 35 1 140 20 73 21 156 1 42 1 22 72 0 52 1 0 35 1 20 121 20 73 21 21 117 0 34 0 22 72 140 20 73 21 102 0 33 0 22 72 140 20 73 21 103 22 72 140 20 73 21 90 140 20 73 14 0 20 0 21 21 
0 35 1 0 35 1 0 35 1 68 156 0 45 0 22 72 0 35 0 51 1 26 0 0 35 0 26 1 68 140 20 73 23 0 21 
0 35 37 1 23 1 23 1 23 1 23 1 23 1 23 1 38 68 99 0 20 0 21 22 72 0 35 1 0 35 1 156 0 45 0 29 1 22 72 117 0 36 0 42 1 22 72 0 35 1 90 0 35 0 26 1 68 117 0 42 1 22 72 140 20 75 21 103 22 72 140 20 75 21 0 0 119 0 22 72 0 20 0 21 
0 35 1 0 35 1 140 20 73 23 0 21 156 0 45 1 22 72 0 35 0 28 0 140 20 0 23 73 23 0 23 73 23 0 21 0 52 1 
0 35 37 1 23 1 23 1 23 1 23 1 38 0 35 37 38 68 156 0 22 72 0 14 89 20 20 0 14 0 20 21 21 51 1 21 140 20 0 21 
0 35 1 0 35 27 1 68 156 0 34 1 83 0 33 27 1 22 72 0 53 1 0 52 1 140 20 20 0 23 0 21 21 
0 35 1 0 35 27 1 68 156 0 34 1 138 0 33 27 1 22 72 0 53 1 0 52 1 140 20 20 0 23 0 21 21 
0 35 1 0 35 1 0 35 1 0 35 1 156 20 0 33 0 138 0 33 0 21 83 135 0 46 0 22 72 140 20 75 21 0 52 1 
0 0 119 73 22 72 117 0 42 73 138 0 42 73 138 0 42 73 22 72 94 140 20 73 23 0 21 
0 0 119 73 22 72 117 0 42 73 22 72 90 140 20 73 23 0 21 
0 0 0 119 73 22 72 139 140 20 73 23 0 21 
140 20 73 23 73 23 0 35 73 23 105 35 73 21 71 140 20 73 21 140 20 73 23 73 23 73 21 71 140 20 73 21 
0 0 119 143 20 1 23 1 21 22 72 140 20 73 23 0 21 140 20 73 23 0 21 
0 35 1 117 0 42 1 22 72 0 35 73 140 20 0 21 
0 35 1 71 0 35 150 117 0 42 150 22 72 0 52 1 71 140 20 73 23 0 21 
0 35 1 71 0 35 0 117 0 42 150 22 72 0 52 1 71 140 20 73 23 0 21 140 20 73 23 0 21 
0 35 1 99 0 20 0 21 22 72 0 35 1 0 0 119 143 20 132 20 0 21 21 22 72 0 52 0 37 0 38 142 0 140 20 0 21 0 20 37 1 23 1 23 1 23 1 23 1 38 21 
99 0 20 0 23 0 23 0 23 0 21 22 72 142 20 0 28 0 29 1 26 0 28 0 29 1 21 0 20 1 23 1 23 1 23 1 21 
99 0 20 0 21 22 72 0 35 1 0 0 119 143 20 132 20 0 21 21 22 72 117 0 37 0 38 36 1 43 1 22 72 0 52 0 37 0 38 142 0 0 20 37 1 23 1 23 1 23 1 23 1 23 1 23 1 23 1 23 1 23 1 23 1 38 21 
99 0 20 21 22 72 140 20 73 21 0 20 21 140 20 73 21 
99 0 20 0 23 0 21 22 72 0 35 0 26 0 140 20 73 23 0 21 68 0 20 1 23 1 21 
99 0 20 0 21 22 72 0 35 0 28 0 142 0 68 0 35 0 20 1 21 140 20 73 23 0 21 
99 0 20 0 21 22 72 117 0 36 1 42 1 22 72 140 20 73 21 103 22 20 73 21 68 0 20 1 21 
99 0 20 0 23 0 21 22 72 0 35 0 26 0 142 0 0 35 0 20 1 23 1 21 140 20 73 23 0 21 
99 0 20 0 21 22 72 142 0 28 0 0 0 119 37 1 23 1 23 1 38 22 72 0 35 0 20 0 21 140 20 73 23 0 23 73 23 0 21 
99 0 20 0 35 1 23 0 35 1 21 22 72 0 35 0 26 0 140 20 73 23 0 21 68 0 20 1 23 1 21 68 0 20 0 35 1 21 68 0 20 21 
99 0 20 0 23 0 21 22 72 140 20 73 23 0 21 140 20 73 23 0 21 68 0 20 0 35 73 23 0 35 73 21 
99 0 20 28 0 21 22 72 0 35 1 68 0 0 119 0 22 72 0 35 0 26 0 68 140 20 73 23 0 21 68 0 20 1 23 1 23 1 21 68 0 20 1 23 1 21 
99 0 20 0 21 22 72 117 0 42 1 22 72 142 1 103 22 72 142 20 0 28 0 20 0 27 1 21 21 0 35 1 140 20 73 23 0 23 73 23 0 20 0 21 21 
0 35 131 22 140 20 73 21 0 20 21 
0 35 131 0 22 140 20 73 23 0 21 0 20 73 21 
0 35 73 68 99 0 20 21 22 72 140 20 73 23 0 21 68 0 20 21 140 20 73 23 0 21 
99 0 20 21 22 72 0 35 73 99 0 20 21 22 72 116 0 68 0 35 73 140 20 73 23 0 21 68 0 20 21 140 20 73 23 0 21 68 0 20 21 
99 0 20 0 23 0 21 22 72 0 0 119 143 20 1 23 20 0 26 1 21 21 22 72 140 20 0 23 105 35 73 21 71 68 0 20 73 23 1 21 
0 35 1 99 0 20 21 22 72 140 20 0 21 68 0 20 21 
0 35 1 99 0 20 21 22 72 114 0 0 35 0 26 1 140 20 0 21 0 20 21 
99 0 20 21 22 72 0 35 1 68 99 0 20 21 22 72 114 0 0 35 1 68 140 20 73 23 0 21 0 20 21 140 20 73 23 0 21 68 0 20 21 140 20 73 23 0 21 
99 0 20 0 21 22 72 140 20 0 26 73 21 68 0 20 73 21 0 20 73 21 0 20 73 21 
99 0 20 0 23 0 21 22 72 140 20 0 26 73 26 0 21 68 0 20 73 23 73 21 
99 0 20 28 0 21 22 72 140 20 73 26 0 37 1 38 21 68 0 20 73 23 73 23 73 21 
99 0 20 0 23 0 23 0 21 22 72 140 20 73 26 0 21 68 0 20 0 35 73 23 0 35 73 23 0 35 73 21 
99 0 20 51 0 21 22 72 140 20 73 26 0 37 73 38 21 68 0 20 0 35 73 23 0 35 73 21 
99 0 20 0 35 73 21 22 72 140 20 73 26 0 21 68 0 20 73 21 0 20 73 21 0 20 21 0 20 73 21 
99 0 20 0 21 22 72 0 0 119 0 22 72 140 20 0 21 68 0 35 37 73 23 73 23 73 38 68 0 20 0 21 
0 35 121 20 73 21 0 35 1 20 121 20 73 21 21 0 20 0 23 0 21 
99 0 20 0 21 22 72 142 1 28 0 68 140 20 0 20 1 21 21 140 20 0 20 1 21 21 140 20 0 20 1 21 21 
99 0 20 0 21 22 72 117 20 0 34 1 21 22 72 0 35 0 26 0 20 0 27 1 21 140 20 0 21 103 22 72 0 35 1 142 0 68 140 20 73 21 0 20 1 21 
0 35 131 0 23 0 22 0 28 0 140 20 0 20 1 23 1 21 21 
0 35 131 0 23 0 23 0 22 0 26 0 26 0 140 20 0 20 1 23 1 23 1 21 21 
99 0 20 0 22 1 23 0 22 1 21 64 1 22 69 0 35 0 26 0 68 142 0 68 0 23 0 35 1 23 1 0 35 0 20 0 23 0 21 140 20 75 21 
99 0 20 0 21 22 69 117 0 119 37 1 23 1 38 22 72 142 150 117 20 0 42 1 21 138 20 0 36 1 42 1 21 22 72 142 0 0 35 1 156 0 28 0 45 0 22 72 117 0 36 0 42 1 22 72 142 0 0 52 1 142 150 140 20 0 20 1 21 23 0 20 1 21 21 
99 0 20 0 21 22 69 117 20 0 36 1 42 1 21 22 72 140 20 73 21 103 22 72 140 20 73 21 0 20 1 21 0 20 1 21 
99 0 20 0 23 0 35 1 21 22 69 140 20 73 23 0 21 140 20 73 23 0 21 68 0 20 1 21 
99 0 20 0 23 0 21 22 69 140 20 0 23 0 21 68 0 20 0 35 73 23 0 35 73 21 0 20 0 35 73 23 0 35 73 21 
99 0 20 28 0 21 22 69 0 0 119 0 22 72 140 20 0 21 0 20 73 23 73 23 73 23 73 21 
99 0 20 0 21 22 72 0 35 1 71 156 0 45 1 20 0 29 1 21 22 72 117 0 36 0 42 1 22 72 142 0 0 52 1 142 150 71 68 0 20 1 21 
99 0 20 51 0 21 22 69 0 0 23 0 119 0 14 128 20 21 22 72 140 20 73 36 20 0 23 0 21 21 68 0 20 0 35 73 23 0 35 73 23 0 35 73 21 
99 0 20 0 21 22 69 142 0 51 1 68 68 140 20 0 20 1 21 21 140 20 0 20 27 1 21 21 
99 0 20 0 21 22 69 0 37 1 38 35 1 68 0 35 37 1 23 1 23 1 23 1 23 1 23 1 38 0 20 0 21 140 20 0 21 
99 0 20 0 21 22 69 0 35 37 1 23 1 23 1 38 68 0 35 37 1 23 1 23 1 23 1 23 1 23 1 38 0 20 0 21 140 20 0 21 
99 0 20 0 21 22 69 0 35 1 68 0 35 1 0 20 0 21 140 20 0 21 
99 0 20 0 23 0 21 22 69 0 35 0 0 35 0 0 35 0 68 0 35 1 0 35 1 0 20 0 23 0 21 140 20 0 21 140 20 0 21 
99 0 20 0 21 22 142 0 28 0 28 0 68 0 35 131 0 22 0 28 0 28 0 68 140 20 0 20 1 21 21 140 20 0 20 1 21 21 
99 0 20 21 22 69 0 35 73 68 99 0 20 21 22 72 140 20 0 21 68 0 20 21 68 0 20 21 
99 0 20 28 0 21 22 69 0 0 119 0 22 72 140 20 0 21 0 20 73 23 73 23 73 23 73 21 
99 0 20 0 23 28 0 21 22 69 140 20 73 23 0 21 0 0 119 0 22 72 140 20 73 23 0 21 68 0 20 73 23 73 23 73 23 73 21 
99 0 20 0 21 22 72 0 35 1 117 20 0 42 1 138 0 42 1 21 22 72 140 20 73 23 1 21 102 0 34 1 22 72 0 0 119 143 20 1 23 0 26 1 23 1 21 22 72 0 55 0 140 20 73 23 0 21 103 22 140 20 73 21 0 20 1 20 121 20 73 21 21 21 
99 0 20 51 0 21 22 69 0 0 23 0 119 0 14 128 20 21 22 72 140 20 73 36 20 0 23 0 21 21 68 0 20 0 35 73 23 0 35 73 23 0 35 73 21 
99 0 20 0 23 51 0 21 22 69 0 0 23 0 119 0 14 128 20 21 22 72 140 20 73 36 20 0 23 0 21 21 68 0 20 73 23 0 35 73 23 0 35 73 23 0 35 73 21 
99 0 20 0 23 0 23 0 21 22 69 140 20 73 23 0 21 140 20 73 23 0 21 140 20 73 23 0 21 68 0 35 20 73 23 73 23 73 21 0 20 28 0 21 68 0 35 39 73 22 73 23 73 22 73 23 73 22 73 40 0 20 51 0 21 
99 0 20 28 0 23 51 0 21 22 69 140 20 73 23 0 21 140 20 73 23 0 21 68 0 20 73 23 73 23 73 23 0 35 73 23 0 35 73 23 0 35 73 21 
99 0 20 21 22 72 140 20 73 21 68 99 0 20 0 23 0 21 22 72 140 20 73 36 20 0 23 0 21 21 68 99 0 20 0 23 0 21 22 72 142 0 26 0 68 0 20 21 68 0 20 73 23 73 21 68 0 35 0 20 1 23 1 21 
99 0 20 0 21 22 72 0 35 0 51 1 0 35 1 28 20 0 51 1 21 142 0 23 0 0 35 0 20 1 21 140 20 0 21 
99 0 20 28 0 21 22 72 0 35 1 0 0 119 0 22 72 0 52 0 142 0 68 0 35 0 20 1 23 1 23 1 23 1 21 140 20 75 21 68 0 35 0 20 1 23 1 23 1 21 140 20 75 21 68 0 35 0 20 1 23 1 23 1 23 1 23 1 23 1 21 140 20 75 21 
99 0 20 28 0 21 22 72 0 35 37 38 0 0 119 0 22 72 0 14 89 20 0 14 154 20 21 21 142 0 68 0 35 0 20 73 23 73 23 73 21 140 20 0 21 68 99 0 20 51 0 21 22 72 0 35 37 38 0 0 23 0 119 0 14 128 20 21 22 72 0 14 89 20 37 0 23 0 38 21 142 0 0 35 0 20 0 35 73 23 0 35 73 23 0 35 73 21 140 20 0 21 
99 0 20 0 21 22 72 142 0 51 1 68 140 20 73 21 140 20 0 20 1 21 21 68 99 0 20 0 21 22 72 0 51 1 68 140 20 73 21 140 20 0 20 1 21 21 
99 0 20 21 22 72 0 35 1 140 20 73 23 0 21 68 0 35 1 0 20 21 140 20 73 23 0 21 
99 0 20 0 23 0 35 73 21 22 72 0 35 0 0 0 119 143 20 1 23 0 26 1 21 22 72 140 20 0 28 73 23 20 1 28 0 27 1 21 28 0 21 0 53 1 0 35 1 20 121 20 73 21 21 0 35 121 20 73 21 117 0 43 73 83 0 46 1 22 72 0 20 0 23 0 37 1 38 21 102 0 42 73 83 0 46 1 22 72 0 20 0 21 103 22 140 20 73 21 
99 0 20 21 22 72 0 35 73 0 35 1 99 0 20 21 22 72 140 20 0 21 140 20 0 21 68 0 20 21 0 20 21 
99 0 20 0 23 0 35 1 21 22 72 140 20 73 23 0 21 140 20 73 23 0 21 68 140 20 73 21 0 20 1 21 68 140 20 73 21 0 20 1 23 1 21 
99 0 20 0 21 22 72 0 35 37 38 0 0 119 0 22 72 0 14 89 20 0 51 1 21 142 0 68 0 35 37 1 23 1 23 1 38 24 0 35 0 20 0 21 140 20 73 23 0 21 
99 0 20 0 21 22 72 73 142 132 20 0 21 68 140 20 73 23 0 20 73 21 21 140 20 73 23 0 20 73 21 21 
99 0 20 0 21 22 72 0 35 1 117 20 0 42 1 138 0 42 1 21 22 72 0 35 1 102 0 34 1 22 72 0 0 119 143 20 1 23 0 26 1 23 1 21 22 72 0 55 0 103 22 0 35 27 1 71 142 0 68 0 35 0 20 1 21 71 68 117 0 43 27 1 22 71 72 140 20 0 21 103 22 140 20 73 21 
99 0 20 0 21 22 72 0 35 1 0 35 1 0 0 119 143 20 132 20 0 21 21 22 72 0 52 0 37 0 38 0 35 0 29 132 20 0 21 142 0 68 0 35 1 20 121 20 73 21 21 0 35 37 38 0 0 119 143 20 1 23 0 21 22 72 140 20 0 26 1 23 73 21 71 68 0 35 1 20 121 20 21 21 0 14 89 20 0 21 68 0 20 0 21 
0 35 37 1 23 1 23 1 23 1 23 1 38 0 35 37 38 0 0 119 0 22 72 0 14 89 20 0 21 140 20 0 21 
99 0 20 0 82 21 22 72 0 35 1 117 0 82 42 1 22 142 1 103 22 142 0 82 28 0 20 0 82 27 1 21 0 82 35 1 20 121 20 73 21 21 140 20 0 20 0 82 21 21 
99 0 20 0 21 22 72 117 0 45 1 22 142 1 103 22 142 0 20 0 27 1 21 26 0 20 0 27 1 21 0 82 35 1 20 121 20 73 21 21 140 20 0 20 0 82 21 21 
0 82 35 1 20 121 20 73 21 21 0 35 1 0 0 119 143 20 1 23 0 82 26 1 21 22 72 0 52 0 140 20 0 21 
99 0 20 0 82 21 22 72 117 0 82 42 1 22 142 1 103 22 142 0 82 26 0 20 0 82 27 1 21 0 82 35 1 20 121 20 73 21 21 140 20 0 20 0 82 21 21 
0 35 131 0 22 0 26 1 140 20 0 20 1 21 21 
118 0 0 35 131 0 23 0 22 0 14 0 20 0 28 0 26 0 28 0 21 140 20 0 20 1 23 1 21 21 
140 20 20 131 0 23 0 22 1 28 0 26 1 28 0 21 20 1 23 1 21 21 
99 0 20 0 21 22 72 0 35 73 26 0 26 73 26 73 142 0 0 35 37 73 23 73 23 73 23 73 38 0 0 119 0 22 72 140 20 0 20 0 21 21 
99 0 20 0 21 22 72 0 35 73 26 0 26 73 26 73 142 0 0 35 37 73 23 73 23 73 23 73 38 0 35 137 20 0 23 0 21 140 20 0 21 71 140 20 28 0 21 71 
0 35 37 73 23 73 23 73 23 73 38 0 35 137 20 131 0 22 73 26 0 26 73 23 0 21 140 20 28 0 21 
0 35 37 1 23 1 23 1 23 1 23 1 38 0 35 37 0 0 0 119 0 38 140 20 0 21 
108 111 118 147 140 20 147 20 131 0 23 0 22 0 26 0 23 37 1 23 1 23 1 23 1 38 21 21 
118 111 0 82 35 1 20 121 20 73 21 21 0 35 37 0 0 0 119 143 20 1 23 0 82 26 1 21 38 140 20 111 14 147 20 131 0 23 0 22 0 28 0 23 0 21 21 
99 0 20 0 21 22 142 0 14 126 20 21 0 35 37 73 23 73 23 73 23 73 23 73 38 0 35 112 20 0 23 0 21 140 20 28 0 21 
0 82 0 35 37 1 23 1 23 1 23 1 23 1 23 1 23 1 23 1 23 1 23 38 0 35 112 20 131 0 22 20 0 36 1 42 1 21 23 0 82 0 21 140 20 28 0 21 
71 68 0 35 37 37 1 23 1 38 23 37 1 23 1 38 23 37 1 23 1 38 23 37 1 23 1 38 38 0 35 112 20 131 0 22 20 0 37 1 38 34 1 21 23 0 21 140 20 28 0 21 
0 35 37 0 0 0 119 143 20 1 23 1 23 1 21 38 140 20 0 21 
14 0 35 37 73 23 73 23 73 38 0 35 37 73 26 0 0 0 119 0 38 140 20 0 21 
0 35 37 73 23 73 23 73 23 73 23 73 38 0 35 37 73 23 73 23 73 23 73 23 73 38 0 35 134 20 137 20 131 0 23 0 22 73 117 0 42 0 103 73 23 0 68 0 23 0 21 21 140 20 0 21 
0 35 37 1 23 1 23 1 23 1 23 1 38 0 35 37 0 51 1 0 0 119 0 38 140 20 0 21 
0 35 37 0 0 0 119 143 20 1 21 38 140 20 0 21 
0 35 73 0 35 37 0 28 1 0 0 119 0 38 140 20 0 21 
0 35 37 37 1 23 1 23 1 38 23 37 1 23 1 23 1 38 23 37 1 23 1 23 1 38 38 0 35 37 0 0 0 119 0 0 0 119 0 38 140 20 0 21 
0 35 37 0 0 0 119 143 20 1 23 1 21 117 0 36 1 42 1 38 140 20 0 21 
0 35 1 0 82 35 1 20 121 20 73 21 21 117 0 82 46 1 22 72 0 0 119 143 20 1 23 0 82 26 1 21 22 72 0 55 0 140 20 0 21 
99 0 20 0 82 21 22 72 0 35 1 117 0 82 46 1 22 0 0 119 143 20 1 23 0 82 26 1 21 22 0 55 0 142 0 0 82 35 1 20 121 20 73 21 21 140 20 0 20 0 82 21 21 
0 35 73 0 14 145 20 73 23 73 21 0 35 73 0 14 149 20 21 0 35 73 0 14 149 20 73 21 73 14 154 20 21 73 14 133 20 21 73 14 129 20 37 73 23 73 38 21 0 35 73 0 14 97 20 21 0 35 73 0 14 109 20 73 21 0 35 73 0 14 146 20 73 21 0 35 73 140 20 0 14 123 20 21 21 0 35 73 140 20 0 14 123 20 21 21 
0 35 121 20 73 21 140 20 73 23 0 21 
0 35 121 20 73 21 0 35 121 20 73 21 140 20 73 23 0 26 0 21 
140 20 73 26 73 21 
0 35 1 20 121 20 73 21 21 
0 35 1 20 121 20 73 21 21 0 35 1 20 121 20 73 21 21 140 20 73 23 0 26 0 21 
0 35 73 0 35 73 0 35 121 20 73 21 0 35 121 20 73 21 0 35 1 20 0 21 28 11 0 35 0 26 0 26 0 26 0 26 73 140 20 0 21 
0 35 1 20 121 20 73 21 21 0 35 1 20 121 20 73 21 21 140 20 73 23 20 0 26 0 21 29 1 21 
0 35 1 20 121 20 73 21 21 0 35 1 20 121 20 73 21 21 140 20 73 23 0 26 0 21 
0 35 121 20 73 21 140 20 73 26 0 21 
0 35 121 20 73 21 0 35 121 20 73 21 140 20 0 42 73 83 0 42 73 21 
0 35 121 20 73 21 0 35 121 20 73 21 117 20 0 42 73 83 0 42 73 21 22 72 140 20 73 21 140 20 73 21 103 22 72 140 20 73 21 
0 35 1 20 121 20 73 21 21 0 35 73 0 35 150 117 20 0 46 1 83 0 33 1 83 0 42 73 83 0 42 150 21 22 72 140 20 73 21 103 22 72 140 20 73 21 
0 35 1 20 121 20 73 21 21 117 0 46 1 22 72 140 20 73 21 102 0 46 1 22 72 140 20 73 21 102 0 46 1 22 72 140 20 73 21 102 0 46 1 22 72 140 20 73 21 103 22 140 20 73 21 
0 35 27 1 0 35 1 20 121 20 73 21 21 0 35 1 20 121 20 73 21 21 0 35 20 1 20 121 20 73 21 21 21 0 35 20 1 20 121 20 73 21 21 21 117 20 0 34 1 138 0 33 1 138 0 34 1 138 0 33 1 21 22 72 140 20 73 21 102 20 0 26 0 21 33 1 22 72 140 20 73 21 103 22 72 0 35 20 0 28 0 29 1 21 26 20 0 28 0 29 1 21 117 20 0 46 1 21 22 72 140 20 73 23 0 21 117 20 0 46 1 83 0 45 1 21 22 72 140 20 73 21 102 20 0 46 1 83 0 33 1 21 22 72 140 20 73 21 102 20 0 46 1 83 0 33 1 21 22 72 140 20 73 21 102 20 0 46 1 83 0 33 1 21 22 72 140 20 73 21 102 20 0 33 1 21 22 72 140 20 73 21 
0 35 121 20 73 21 117 20 1 20 0 21 33 1 21 22 72 140 20 73 21 102 20 1 20 0 21 34 1 21 22 72 140 20 73 21 103 22 72 140 20 73 21 
0 35 121 20 73 21 117 20 1 20 0 21 46 1 21 22 72 140 20 73 21 103 22 72 140 20 73 21 
0 35 1 20 121 20 73 21 21 0 35 1 20 121 20 73 21 21 117 0 34 0 22 72 140 20 73 21 117 0 33 0 22 72 140 20 73 21 117 0 42 0 22 72 140 20 73 21 
0 35 1 20 121 20 73 21 21 0 35 1 20 121 20 73 21 21 117 0 34 0 22 72 140 20 73 21 102 0 33 0 22 72 140 20 73 21 103 22 140 20 73 21 
0 35 1 20 121 20 73 21 21 117 20 0 42 1 21 22 72 140 20 73 21 102 20 0 42 1 21 22 72 140 20 73 21 102 20 0 42 1 21 22 72 140 20 73 21 102 20 0 42 1 21 22 72 140 20 73 21 103 22 140 20 73 21 
14 0 35 1 20 121 20 73 21 21 0 35 1 20 121 20 73 21 21 0 35 1 20 121 20 73 21 21 0 35 1 20 121 20 73 21 21 117 20 0 42 0 42 0 42 0 21 22 72 140 20 73 21 102 20 0 42 0 83 0 42 0 138 0 42 0 83 0 42 0 21 22 72 140 20 73 21 103 22 140 20 73 21 
0 35 121 20 73 21 140 20 0 42 73 138 0 42 73 21 
0 35 1 20 121 20 73 21 21 0 35 1 20 121 20 73 21 21 0 35 1 20 121 20 73 21 21 117 20 0 43 0 83 0 43 0 83 0 43 0 21 22 72 140 20 73 21 102 20 0 42 0 42 0 21 22 72 140 20 73 21 103 22 140 20 73 21 
0 35 1 0 35 1 117 0 34 0 22 72 140 20 73 21 
0 35 1 0 35 1 117 0 34 0 22 72 140 20 73 21 102 0 42 0 22 72 140 20 73 21 
0 35 1 0 35 1 117 0 34 0 22 72 140 20 73 21 102 0 42 0 22 72 140 20 73 21 103 22 72 140 20 73 21 
0 35 1 0 35 1 117 0 34 0 22 72 140 20 73 21 103 22 72 140 20 73 21 
0 35 1 0 35 1 117 0 34 0 22 140 20 73 21 
0 35 1 0 35 1 140 20 73 21 117 0 34 0 103 140 20 73 21 
0 35 1 0 35 1 140 20 73 21 117 0 34 0 103 140 20 73 21 117 0 42 0 103 140 20 73 21 
0 35 1 0 35 1 0 35 1 117 0 34 0 83 0 34 0 22 72 140 20 73 21 
0 35 1 0 35 1 0 35 1 117 0 34 0 138 0 34 0 22 72 140 20 73 21 
0 35 1 20 121 20 73 21 21 117 20 0 46 1 21 22 72 140 20 73 21 140 20 73 21 
0 35 1 0 35 1 117 135 0 34 0 22 72 140 20 73 21 
0 35 1 68 117 0 34 1 22 72 140 20 73 21 117 0 34 1 22 72 140 20 73 21 103 22 72 140 20 73 21 
0 35 1 0 35 1 68 117 0 34 0 22 72 139 
0 35 1 68 117 0 34 1 22 72 140 20 73 21 68 140 20 73 21 
0 35 1 68 117 0 34 1 22 72 140 20 73 21 68 103 22 72 140 20 73 21 68 140 20 73 21 
0 35 1 68 117 0 34 1 22 72 140 20 73 21 68 102 0 42 1 22 72 140 20 73 21 103 22 72 140 20 73 21 68 140 20 73 21 
0 35 1 117 20 0 46 1 21 22 72 117 0 42 1 22 72 140 20 73 21 103 22 72 140 20 73 21 103 22 72 140 20 73 21 
0 35 1 68 117 20 0 34 1 21 22 69 140 20 73 21 140 20 73 21 
0 35 1 117 20 0 33 1 21 22 69 140 20 73 21 140 20 73 21 103 22 69 140 20 73 21 140 20 73 21 140 20 73 21 
99 0 20 0 21 22 69 0 35 1 0 0 119 148 20 0 21 22 72 0 52 1 20 0 21 142 0 68 0 35 37 1 23 1 23 1 23 1 23 1 23 1 38 68 0 35 37 0 20 0 21 0 0 119 0 117 0 31 1 38 68 140 20 0 21 
0 35 1 20 121 20 73 21 21 117 20 0 46 1 21 22 72 140 20 73 21 140 20 73 21 
0 35 1 117 20 0 42 1 21 22 68 69 117 20 0 33 1 21 22 72 140 20 73 21 117 20 0 33 1 21 22 72 140 20 73 21 103 22 72 140 20 73 21 
0 35 1 117 20 0 42 1 21 22 69 140 20 73 21 102 20 0 42 1 21 22 69 140 20 73 21 102 20 0 42 1 21 22 69 140 20 73 21 103 22 69 140 20 73 21 
0 35 1 117 0 33 1 22 69 140 20 73 21 
0 35 1 140 20 1 33 0 33 1 21 140 20 1 33 0 33 1 21 140 20 0 33 1 33 0 28 1 33 1 21 140 20 1 34 0 45 1 21 140 20 1 42 0 34 1 21 
0 35 1 140 20 150 21 117 0 33 1 103 140 20 0 21 
0 23 0 23 0 23 0 23 0 23 0 35 1 23 1 23 1 23 1 23 1 23 1 0 35 0 45 0 33 0 34 0 120 135 0 120 0 0 35 0 120 0 34 0 120 135 0 140 20 0 21 140 20 0 21 
0 35 121 20 73 21 117 1 20 0 21 46 1 22 72 140 20 73 21 
0 35 121 20 73 21 117 1 20 0 21 46 1 22 72 140 20 73 21 140 20 73 21 
0 35 121 20 73 21 117 1 20 0 21 46 1 22 72 140 20 73 21 140 20 73 21 
0 35 121 20 73 21 117 1 20 0 21 46 1 22 72 140 20 73 21 103 22 72 140 20 73 21 
0 35 1 0 35 73 117 20 0 46 1 21 22 72 140 20 73 21 140 20 73 21 117 20 0 42 73 21 22 72 140 20 73 21 140 20 73 21 140 20 73 21 
0 35 121 20 73 21 68 0 35 1 20 0 21 68 117 0 33 1 22 72 0 35 1 102 0 33 1 22 72 0 35 1 103 22 72 0 35 1 68 140 20 75 21 
0 35 1 0 35 1 68 117 0 33 0 22 72 140 20 73 21 102 0 42 0 22 72 140 20 73 21 103 22 72 140 20 73 21 
0 35 73 68 117 0 42 73 22 72 140 20 73 21 102 0 42 73 22 72 140 20 73 21 103 22 72 140 20 73 21 
0 35 73 68 117 0 42 73 22 72 140 20 73 21 102 0 42 73 22 72 140 20 73 21 103 22 72 140 20 73 21 
0 35 73 68 117 0 42 73 22 72 140 20 73 21 102 0 42 73 22 72 140 20 73 21 102 0 42 73 22 72 140 20 73 21 102 0 42 73 22 72 140 20 73 21 103 22 72 140 20 73 21 
0 35 73 0 35 73 68 117 0 42 73 83 0 42 73 22 72 140 20 73 21 102 0 42 73 83 0 42 73 22 72 140 20 73 21 102 0 42 73 83 0 42 73 22 72 140 20 73 21 103 22 72 140 20 73 21 
0 35 37 1 23 1 23 1 23 1 23 1 23 1 23 1 23 1 23 1 23 1 23 1 23 1 23 1 23 1 38 0 35 37 38 68 0 0 119 0 22 72 117 0 33 1 138 0 46 1 22 72 0 14 89 20 0 21 68 140 20 0 21 
0 35 37 1 23 1 23 1 23 1 23 1 23 1 23 1 23 1 23 1 23 1 23 1 23 1 23 1 23 1 38 0 35 37 38 68 0 0 119 0 22 72 117 0 33 1 83 0 46 1 22 72 0 14 89 20 0 21 68 140 20 0 21 
0 35 37 1 23 1 23 1 23 1 23 1 23 1 23 1 23 1 23 1 23 1 23 1 23 1 23 1 23 1 38 0 35 37 38 68 0 0 119 0 22 72 117 20 0 33 1 138 0 46 1 21 83 0 36 1 42 1 22 72 0 14 89 20 0 21 68 140 20 0 21 
0 35 37 1 23 1 23 1 23 1 23 1 23 1 23 1 23 1 23 1 23 1 23 1 23 1 23 1 23 1 38 0 35 37 38 68 0 0 119 0 22 72 117 0 33 1 138 0 46 1 83 0 36 1 42 1 22 72 0 14 89 20 0 21 68 140 20 0 21 
0 35 121 20 73 21 0 35 121 20 73 21 117 20 0 42 73 83 0 42 73 21 22 72 140 20 73 21 140 20 73 21 
0 35 1 68 117 0 46 1 83 0 45 1 22 72 117 0 46 1 22 72 140 20 73 21 102 0 46 1 22 72 140 20 73 21 102 0 46 1 22 72 140 20 73 21 103 22 72 140 20 73 21 102 0 34 1 22 72 140 20 73 21 102 0 33 1 22 72 140 20 73 21 103 22 72 140 20 73 21 
0 35 73 68 117 0 42 73 22 72 140 20 73 21 102 0 42 73 22 72 140 20 73 21 102 0 42 73 22 72 140 20 73 21 102 0 42 73 22 72 140 20 73 21 103 22 72 140 20 73 21 
0 35 73 68 0 0 22 72 0 73 22 72 140 20 73 21 0 73 22 72 140 20 73 21 0 73 22 72 140 20 73 21 0 73 22 72 140 20 73 21 0 0 22 72 140 20 73 21 
0 35 1 117 0 42 1 22 72 139 102 0 42 1 22 72 140 20 73 21 103 22 72 140 20 73 21 
0 35 37 1 23 1 23 1 23 1 23 1 38 68 0 0 119 0 22 72 117 0 36 1 43 1 22 72 140 20 0 23 73 21 117 0 36 1 42 1 22 72 140 20 0 23 73 21 
0 35 37 1 23 1 23 1 23 1 23 1 38 0 0 119 0 22 72 117 0 36 1 43 1 22 72 140 20 0 23 73 21 103 22 72 140 20 0 23 73 21 
0 35 73 117 0 42 73 22 72 140 20 73 21 102 0 42 73 22 72 140 20 73 21 102 0 42 73 22 72 140 20 73 21 102 0 42 73 22 72 140 20 73 21 103 22 72 140 20 73 21 
0 35 37 1 23 1 23 1 23 1 23 1 38 0 0 119 0 22 72 117 0 36 1 43 1 22 72 117 0 36 1 42 1 22 72 140 20 0 23 73 21 103 22 72 140 20 0 23 73 21 103 22 72 140 20 0 23 73 21 
0 35 73 0 35 1 117 0 42 73 83 0 42 1 22 72 140 20 73 21 117 0 42 73 138 0 42 73 22 72 140 20 73 21 
0 35 0 0 35 150 117 0 120 150 22 72 139 102 0 120 150 22 72 139 103 22 72 139 
0 35 121 20 73 21 0 35 121 20 73 21 117 20 0 42 73 21 22 72 140 20 73 21 117 20 0 42 73 21 22 140 20 73 21 140 20 73 21 
0 35 1 0 35 1 0 35 37 38 0 35 37 1 23 1 23 1 38 68 117 0 34 1 22 72 140 20 73 21 68 117 0 22 72 140 20 73 21 68 117 132 20 0 21 42 1 22 72 140 20 73 21 68 117 132 20 0 21 26 132 20 0 21 42 1 22 72 140 20 73 21 68 117 0 83 0 37 1 38 42 1 22 72 140 20 73 21 68 117 135 0 22 72 140 20 73 21 
0 35 1 20 121 20 73 21 21 117 20 20 0 36 1 21 42 1 21 22 72 140 20 73 21 103 22 72 140 20 73 21 
0 35 1 20 121 20 73 21 21 117 20 20 0 36 1 21 42 1 21 22 72 140 20 73 21 103 22 72 140 20 73 21 
0 35 37 1 23 1 23 73 23 11 38 140 20 0 21 
0 35 37 1 23 1 23 1 23 1 23 1 38 0 35 0 37 1 22 1 38 140 20 0 21 
0 35 37 1 23 1 23 1 23 1 23 1 38 0 35 0 37 1 38 140 20 0 21 
0 35 37 1 23 1 23 1 23 1 23 1 38 0 35 0 37 1 22 1 38 140 20 0 21 
0 35 37 1 23 1 23 1 23 1 23 1 23 1 23 1 23 1 23 1 23 1 38 140 20 0 21 71 68 140 20 0 37 1 38 21 71 68 140 20 0 37 1 38 21 71 68 140 20 0 37 22 1 38 21 71 68 140 20 0 37 1 22 1 38 21 140 20 0 37 1 22 38 21 140 20 0 37 22 22 1 38 21 
0 35 37 73 23 73 23 73 23 73 38 140 20 0 37 27 1 38 21 71 140 20 0 37 27 1 38 21 71 140 20 0 37 27 1 38 21 71 140 20 0 37 22 22 27 1 38 21 71 
0 35 37 73 23 73 23 73 38 0 14 89 20 73 21 140 20 0 21 
0 35 37 73 23 73 23 73 23 73 23 73 38 0 14 124 20 1 23 73 21 140 20 0 21 
0 35 37 73 23 73 23 73 23 73 23 73 38 0 35 37 38 0 35 0 14 0 20 21 140 20 0 21 
0 35 37 73 23 73 23 73 23 73 38 140 20 0 14 0 20 73 21 21 
0 35 37 73 23 73 23 73 23 73 23 73 38 0 35 37 73 23 73 38 0 14 0 20 0 21 140 20 0 21 
0 35 73 0 35 73 26 0 37 1 22 38 140 20 0 21 0 35 37 73 23 73 38 0 37 1 38 35 1 140 20 0 21 
0 35 37 73 23 73 23 73 23 73 23 73 38 140 20 0 14 0 20 73 21 21 
0 35 37 73 23 73 23 73 23 73 23 73 38 0 14 95 20 21 140 20 0 21 
0 35 37 73 23 73 23 73 23 73 23 73 38 0 14 0 20 1 21 140 20 0 21 
0 35 37 73 23 73 23 73 23 73 23 73 38 0 14 0 20 73 21 140 20 0 21 
0 35 37 1 23 1 23 1 23 1 23 1 23 1 23 1 38 0 14 0 20 21 140 20 0 21 
0 35 37 73 23 73 23 73 23 73 23 73 38 0 14 0 20 21 140 20 0 21 
0 35 37 73 23 73 23 73 23 73 38 100 0 37 1 38 140 20 0 21 
0 35 73 140 20 132 20 0 21 21 
0 35 37 73 23 73 23 73 23 73 38 140 20 132 20 0 21 21 
0 23 0 35 37 73 23 1 23 1 23 73 38 23 37 1 23 73 23 73 38 140 20 73 23 132 20 0 21 21 140 20 73 23 132 20 0 21 21 
0 35 37 38 140 20 0 21 
0 35 37 1 23 1 23 1 38 0 35 37 1 23 1 23 1 38 0 35 37 1 23 1 23 1 38 0 35 37 0 23 0 23 0 38 140 20 0 21 
0 35 37 38 0 14 89 20 37 73 23 73 38 21 0 14 89 20 37 73 23 73 38 21 0 14 89 20 37 73 23 73 38 21 0 14 89 20 37 73 23 73 38 21 0 14 89 20 37 73 23 73 38 21 140 20 0 21 
0 35 37 37 73 23 73 38 23 37 73 23 73 38 23 37 73 23 73 38 38 0 35 0 37 1 38 140 20 0 21 
0 35 37 37 73 23 73 38 23 37 73 23 73 38 23 37 73 23 73 38 38 140 20 0 37 1 38 37 1 38 21 
0 35 37 1 23 1 23 1 38 0 35 37 73 23 73 23 73 38 0 35 37 1 23 1 23 1 38 0 35 37 0 23 0 23 0 38 140 20 0 21 
0 35 37 1 23 1 23 1 38 0 35 37 73 23 73 23 73 38 0 35 37 1 23 1 23 1 38 0 35 37 0 23 0 23 0 38 140 20 0 37 1 38 37 1 38 23 0 37 1 38 37 1 38 21 
0 35 37 1 23 1 23 1 23 1 23 1 23 73 38 140 20 0 21 0 37 1 38 35 148 20 73 21 0 37 1 38 35 11 20 11 21 0 37 1 38 35 1 20 1 21 140 20 0 21 
0 35 73 0 35 134 20 0 21 140 20 0 21 
0 35 134 20 143 20 1 23 1 23 1 21 21 140 20 0 21 0 14 0 20 21 140 20 0 21 0 14 0 20 21 140 20 0 21 
0 35 121 20 73 21 0 35 0 14 149 20 73 21 140 20 0 21 
0 35 37 73 23 73 23 73 23 73 23 73 23 73 23 73 38 140 20 73 21 140 20 0 21 
0 35 73 0 35 0 14 149 20 73 21 140 20 73 23 132 20 0 21 23 73 21 
0 35 37 73 23 73 23 73 23 73 23 73 23 73 38 0 35 0 14 0 20 73 21 140 20 73 23 0 21 0 35 0 14 0 20 73 21 140 20 73 23 0 21 
0 23 0 23 0 23 0 35 37 73 23 1 23 11 23 73 38 140 20 0 21 140 20 0 21 140 20 0 21 140 20 0 21 
0 35 37 73 23 73 23 73 38 0 35 37 1 23 1 23 1 38 0 35 0 26 0 140 20 0 21 
14 0 35 37 1 23 1 23 1 23 1 23 1 23 1 23 1 23 1 38 0 14 0 20 21 140 20 73 23 0 21 0 14 0 20 21 140 20 73 23 0 21 
0 35 37 73 23 73 23 73 23 73 38 140 20 0 37 27 1 38 21 140 20 0 37 27 1 38 21 140 20 0 37 27 1 38 21 
0 35 37 1 23 1 23 1 23 1 23 1 23 1 23 1 38 140 20 0 37 1 22 1 38 21 140 20 0 37 22 1 38 21 140 20 0 37 1 22 38 21 140 20 0 37 22 38 21 
0 35 37 73 23 73 23 73 38 0 35 37 73 23 73 23 73 38 0 35 0 37 1 38 26 73 26 0 37 1 38 0 35 0 37 1 38 26 73 26 0 37 1 38 0 35 0 37 1 38 26 73 26 0 37 1 38 140 20 0 21 140 20 0 21 140 20 0 21 
0 35 37 73 23 73 23 73 38 0 37 1 38 35 73 0 14 124 20 1 23 73 21 0 14 124 20 1 23 73 21 140 20 0 21 
0 35 37 73 23 73 23 73 23 73 23 73 38 140 20 0 37 1 38 21 140 20 0 37 1 38 21 
0 35 37 73 23 73 23 73 23 73 23 73 23 73 38 140 20 0 21 
0 35 37 1 23 1 23 1 38 140 20 0 21 68 0 35 37 38 0 35 37 1 23 73 23 11 38 
0 35 37 73 23 73 23 73 38 68 140 20 0 37 1 38 21 68 140 20 0 37 1 38 21 
0 35 37 73 23 73 23 73 38 68 140 20 0 37 27 1 38 21 68 140 20 0 37 27 1 38 21 
0 35 37 73 23 73 23 73 23 73 23 73 23 73 23 73 23 73 23 73 38 68 140 20 0 37 1 22 1 38 21 68 140 20 0 37 1 22 38 21 68 140 20 0 37 22 38 21 
0 35 37 1 23 1 23 1 23 1 38 68 140 20 73 23 0 21 68 0 14 89 20 1 21 68 140 20 73 23 0 21 
0 35 37 73 23 73 23 73 38 68 0 37 1 38 35 73 68 140 20 0 21 
0 35 37 73 23 73 23 73 23 73 23 73 23 73 23 73 38 68 100 0 37 1 38 140 20 0 21 68 100 0 37 27 1 38 140 20 0 21 68 100 0 37 1 22 1 38 140 20 0 21 
0 35 37 73 23 73 23 73 38 68 140 20 73 119 0 21 140 20 73 119 0 21 
0 35 37 73 23 73 23 73 38 68 140 20 73 23 0 21 68 140 20 73 23 132 20 0 21 21 
0 35 37 0 28 0 0 0 119 143 20 1 23 1 21 38 140 20 0 21 
0 35 37 73 23 73 23 73 23 73 23 73 23 1 23 11 38 140 20 0 21 
0 35 37 38 140 20 73 21 140 20 0 21 68 0 35 37 1 23 1 23 1 38 140 20 73 21 140 20 0 21 68 0 35 37 73 23 73 23 73 38 140 20 73 21 140 20 0 37 1 38 21 140 20 0 37 1 38 21 
0 35 37 1 23 1 23 1 23 1 23 1 23 1 23 1 23 1 23 1 38 140 20 73 21 140 20 0 21 68 0 35 37 1 23 1 23 73 23 1 23 73 23 1 23 73 38 140 20 73 21 140 20 0 21 
0 35 37 73 23 73 23 73 38 68 140 20 73 21 140 20 0 37 1 38 21 140 20 0 37 1 38 21 
0 35 37 37 73 23 73 38 23 37 73 38 38 68 140 20 73 21 140 20 0 37 1 38 37 1 38 21 140 20 0 37 1 38 37 1 38 21 
0 35 37 1 23 1 23 73 23 1 23 73 23 1 23 73 38 68 140 20 73 21 68 140 20 0 37 27 1 38 21 68 140 20 0 37 27 1 38 21 
0 35 37 38 140 20 132 20 0 21 21 68 0 35 37 1 23 1 23 1 38 140 20 132 20 0 21 21 
0 35 121 20 73 21 68 0 35 0 14 149 20 21 140 20 73 23 0 21 
0 35 37 38 140 20 73 21 140 20 0 21 68 0 14 89 20 1 21 0 14 89 20 1 21 0 14 89 20 1 21 140 20 73 21 140 20 0 21 68 0 0 119 143 20 1 23 1 21 22 69 0 14 89 20 0 21 140 20 73 21 140 20 0 21 68 0 14 89 20 20 1 23 1 21 21 140 20 73 21 140 20 0 21 68 0 35 37 73 23 73 38 0 14 89 20 0 21 140 20 73 21 140 20 0 21 
0 35 37 1 23 1 23 1 23 1 38 140 20 73 21 140 20 0 21 0 14 124 20 1 23 1 21 0 14 124 20 1 23 73 21 140 20 73 21 140 20 0 21 
0 35 37 73 23 73 23 73 23 73 23 73 23 73 23 73 23 73 23 73 23 73 23 73 23 73 23 73 38 140 20 73 21 140 20 0 21 68 0 35 0 37 1 22 1 38 140 20 73 21 140 20 0 21 68 0 35 0 37 1 22 38 140 20 73 21 140 20 0 21 68 0 35 0 37 22 38 140 20 73 21 140 20 0 21 
0 35 37 73 23 73 23 73 23 73 23 73 38 71 68 140 20 0 37 1 38 21 71 68 140 20 0 37 1 38 21 
0 35 37 0 51 1 0 0 119 143 20 1 23 1 21 117 0 36 1 42 1 38 140 20 0 21 
0 35 37 73 23 73 23 73 23 73 38 140 20 0 21 140 20 0 37 1 38 21 
0 35 37 73 23 73 23 73 38 117 20 73 119 0 21 22 72 140 20 73 21 103 22 72 140 20 73 21 
140 20 1 21 
140 20 73 23 105 35 73 21 140 20 73 21 
140 20 73 23 73 23 73 23 73 23 73 21 
140 20 73 23 73 23 73 23 73 23 73 23 0 35 73 21 
0 35 1 0 35 1 0 35 1 140 20 73 23 0 23 0 23 73 23 0 23 73 23 0 26 0 26 0 23 73 21 
140 20 73 14 0 20 1 23 1 23 1 21 21 
0 35 1 0 35 1 0 35 1 140 20 73 14 0 20 0 23 0 23 0 23 0 26 0 26 0 21 21 
140 20 73 14 0 20 1 23 73 23 1 21 21 
140 20 73 21 
140 20 73 23 73 21 
140 20 73 21 140 20 73 23 73 21 
140 20 73 21 
140 20 73 23 105 35 73 21 140 20 73 23 73 21 
0 35 1 0 35 1 140 20 73 14 0 20 0 23 0 21 21 
140 20 73 21 
140 20 1 26 1 21 
140 20 73 21 
140 20 73 21 
140 20 73 21 
140 20 73 21 140 20 73 21 
140 20 73 23 105 35 73 21 140 20 73 21 
71 68 0 35 39 40 140 20 0 21 71 68 0 35 39 1 22 73 23 1 22 73 40 140 20 0 21 71 68 0 35 39 73 22 73 23 1 22 37 1 23 1 23 1 38 40 140 20 0 21 71 68 0 35 101 20 39 1 22 73 23 1 22 73 40 21 140 20 0 21 
0 35 39 73 22 73 23 40 140 20 0 21 0 37 73 38 35 73 140 20 0 21 0 37 73 38 35 1 140 20 0 21 
0 35 39 73 22 73 23 73 22 1 40 71 68 0 37 73 38 35 1 140 20 0 37 73 38 21 
0 35 39 73 22 73 23 1 22 37 1 23 1 38 40 140 20 0 37 73 38 21 140 20 0 14 113 20 1 21 21 
0 35 39 73 22 1 23 73 22 1 23 73 22 1 23 73 22 1 40 140 20 0 21 71 68 140 20 0 37 73 38 21 71 68 140 20 0 37 73 38 21 
0 35 39 73 22 73 23 73 22 73 23 73 22 73 40 140 20 0 21 
0 35 39 1 22 73 23 1 22 73 23 1 22 73 40 140 20 0 21 
0 35 39 73 22 73 23 73 22 73 40 140 20 73 23 0 21 68 0 37 73 38 35 73 68 140 20 73 23 0 21 
0 35 39 1 22 73 23 1 22 73 23 1 22 73 40 140 20 73 23 0 21 68 0 37 1 38 35 73 68 140 20 73 23 0 21 
0 35 39 1 22 73 23 1 22 73 23 1 22 73 40 68 140 20 0 37 1 38 21 140 20 0 37 1 38 21 
0 35 39 1 22 1 23 1 22 1 23 1 22 1 23 1 22 1 23 1 22 1 40 68 140 20 1 119 0 21 68 140 20 1 135 119 0 21 68 140 20 1 119 0 21 
0 35 39 73 22 73 23 73 22 73 23 73 22 73 40 140 20 0 21 
0 35 39 1 22 1 23 1 22 1 23 1 22 1 23 1 22 1 23 1 22 1 40 0 0 119 0 22 72 140 20 0 37 0 38 21 
0 35 39 68 73 22 73 23 68 73 22 73 23 68 73 22 1 68 40 
0 35 39 68 73 22 73 23 68 73 22 73 23 68 73 22 1 68 40 140 20 0 21 
0 35 39 68 73 22 73 23 68 73 22 73 23 68 73 22 1 68 40 140 20 0 37 73 38 21 
0 35 39 68 73 22 73 23 68 73 22 73 23 68 73 22 1 23 68 73 22 1 68 40 140 20 0 21 
0 35 39 68 73 22 73 23 68 73 22 0 23 68 73 22 1 23 68 73 22 37 73 23 73 23 73 38 68 40 
0 35 39 68 73 22 73 23 68 73 22 73 23 68 73 22 1 68 40 140 20 153 20 0 21 21 
0 35 101 20 0 35 73 23 0 35 1 23 0 35 73 21 140 20 0 21 
0 35 39 40 68 0 35 39 1 22 73 23 1 22 73 23 1 22 73 40 68 0 35 39 11 22 73 23 11 22 73 23 11 22 73 40 68 128 35 39 20 73 23 73 23 73 21 22 73 23 20 73 23 73 23 73 21 22 73 40 68 0 35 39 73 22 1 23 73 22 1 23 73 22 1 23 73 22 1 23 73 22 1 40 
0 35 39 1 22 73 23 1 22 73 23 1 22 73 40 140 20 73 21 140 20 0 21 68 0 35 39 73 22 73 23 1 22 37 1 23 1 23 1 23 1 38 40 140 20 73 21 140 20 0 21 
0 35 39 73 22 73 23 73 22 73 23 73 22 73 40 140 20 0 14 130 20 21 21 71 68 140 20 0 14 155 20 21 21 
0 35 39 40 140 20 73 21 140 20 0 21 68 0 35 101 20 39 1 22 73 23 1 22 73 23 1 22 73 40 21 140 20 73 21 140 20 0 21 68 0 35 101 20 37 20 1 23 73 21 23 20 1 23 73 21 38 21 140 20 73 21 140 20 0 21 
0 35 39 1 22 73 23 1 22 73 23 1 22 39 73 22 73 23 73 22 73 23 73 22 73 40 40 140 20 0 21 
0 35 39 40 140 20 73 21 140 20 0 21 68 0 37 1 38 35 73 0 37 1 38 35 73 0 37 1 38 35 1 140 20 73 21 140 20 0 21 68 0 37 73 38 35 1 23 1 23 1 140 20 73 21 140 20 0 21 68 0 37 1 38 35 73 140 20 73 21 140 20 0 21 68 0 37 1 38 35 39 73 22 39 73 22 73 23 73 22 73 40 40 140 20 73 21 140 20 0 21 
0 35 39 1 22 73 23 73 22 73 23 1 22 73 40 68 140 20 73 21 140 20 0 37 73 38 21 68 140 20 73 21 140 20 0 37 1 38 21 
0 35 39 1 22 73 23 73 22 73 23 1 22 73 40 68 140 20 73 21 140 20 0 37 73 38 21 68 140 20 73 21 140 20 0 37 1 38 21 
0 35 39 1 22 73 23 73 22 73 23 1 22 73 40 68 140 20 73 21 140 20 0 14 113 20 1 21 21 
0 35 39 73 22 39 1 22 73 40 23 73 22 39 73 22 73 40 40 68 140 20 0 37 73 38 21 140 20 0 37 73 38 37 1 38 21 140 20 0 37 73 38 37 73 38 21 
0 35 39 1 22 73 23 1 22 73 23 1 22 73 40 140 20 0 21 68 0 35 101 20 39 1 22 73 23 1 22 73 23 1 22 73 40 21 140 20 0 21 68 0 35 101 20 37 20 1 23 73 21 23 20 1 23 73 21 23 20 1 23 73 21 38 21 140 20 0 21 
0 35 39 73 22 73 23 73 22 1 23 73 22 73 40 68 0 37 73 38 35 73 140 20 0 21 68 0 37 73 38 35 73 140 20 0 21 
0 35 39 73 22 73 23 73 22 1 23 73 22 73 40 0 14 0 20 39 73 22 1 40 21 140 20 73 23 0 21 68 0 14 0 20 39 73 22 1 40 21 140 20 73 23 0 21 
0 35 39 73 22 73 23 73 22 73 23 73 22 1 40 140 20 0 37 73 38 21 140 20 0 37 73 38 21 
0 35 39 73 22 73 23 73 22 1 23 73 22 73 40 0 0 119 0 22 72 140 20 0 21 
0 35 39 73 22 73 23 73 22 1 23 73 22 73 40 0 0 23 0 119 0 14 128 20 21 22 72 140 20 0 23 0 21 
0 35 39 73 22 73 23 73 22 1 23 73 22 73 40 0 0 119 0 22 72 140 20 0 23 0 37 0 38 21 
0 35 39 73 22 73 23 73 22 1 23 73 22 73 40 0 0 119 0 14 130 20 21 22 72 140 20 73 26 0 21 0 0 119 0 14 155 20 21 22 72 140 20 73 23 0 21 
0 35 39 0 22 0 51 1 0 0 119 143 20 1 21 40 140 20 0 21 
0 35 39 1 22 1 23 1 22 1 23 1 22 1 23 1 22 1 23 1 22 1 40 0 35 39 0 22 0 28 0 0 20 0 23 0 21 119 0 14 128 20 21 40 140 20 0 21 
0 35 39 73 22 73 23 73 22 1 23 73 22 73 23 73 22 73 40 0 35 132 20 0 21 140 20 73 23 0 21 
0 35 39 73 22 73 23 73 22 1 40 140 20 73 23 153 20 0 21 21 
0 35 39 40 0 35 101 20 21 68 140 20 153 20 0 21 21 140 20 153 20 0 21 21 140 20 0 42 0 21 
0 35 39 40 0 37 1 38 35 73 0 37 11 38 35 37 73 38 0 37 73 38 35 37 73 23 73 23 73 23 73 23 73 23 73 23 1 38 140 20 0 21 
0 35 39 73 22 73 23 73 22 1 23 73 22 73 40 140 20 0 21 71 68 0 37 73 38 35 1 72 140 20 0 21 71 68 0 37 73 38 35 73 140 20 0 21 
0 35 39 40 0 37 73 38 35 37 73 23 73 38 68 140 20 0 21 140 20 21 68 140 20 0 37 73 38 21 
0 35 39 68 73 22 73 23 68 73 22 73 23 68 73 22 73 68 40 68 140 20 0 21 
0 35 39 68 73 22 73 23 68 73 22 73 23 68 73 22 73 23 68 73 22 1 23 68 73 22 73 23 68 73 22 73 23 68 40 68 0 35 0 14 113 20 73 21 140 20 0 21 
0 35 39 68 73 22 73 23 68 73 22 73 23 68 73 22 73 23 68 73 22 1 23 68 73 22 73 23 68 73 22 73 23 68 40 68 128 35 0 14 128 20 21 140 20 128 21 
0 35 39 68 73 22 73 23 68 73 22 73 23 68 73 22 73 23 68 73 22 1 23 68 73 22 73 23 68 73 22 73 23 68 40 68 0 35 0 14 130 20 21 140 20 0 21 
0 35 39 68 73 22 73 23 68 73 22 73 23 68 73 22 73 23 68 73 22 1 23 68 73 22 73 23 68 73 22 73 23 68 40 68 0 35 0 14 155 20 21 140 20 0 21 
0 35 37 20 73 23 73 21 23 68 20 73 23 1 21 23 68 20 73 23 73 21 38 68 0 35 101 20 0 21 140 20 0 21 
0 35 39 73 22 73 23 68 73 22 1 23 68 73 22 73 40 68 0 37 73 38 35 73 140 20 0 21 
0 35 39 73 22 73 23 68 73 22 1 23 68 73 22 73 40 68 0 37 73 38 35 73 140 20 0 21 
0 35 39 73 22 73 23 68 73 22 1 23 68 73 22 73 40 68 140 20 134 20 0 14 130 20 21 21 21 68 140 20 134 20 0 14 155 20 21 21 21 68 140 20 134 20 0 14 128 20 21 21 21 
0 35 39 73 22 73 23 73 22 73 23 73 22 1 40 140 20 0 21 0 14 0 20 73 21 140 20 0 21 
0 35 39 73 22 73 23 68 73 22 1 23 68 73 22 73 40 68 140 20 73 119 0 14 155 20 21 21 68 140 20 73 119 0 14 155 20 21 21 
0 35 39 68 73 22 73 23 68 73 22 73 23 68 73 22 1 68 40 140 20 0 21 0 14 0 20 21 140 20 0 21 
0 35 39 68 73 22 73 23 68 73 22 73 23 68 73 22 1 68 40 100 0 37 73 38 140 20 0 21 
