96 0 102 115 20 1 23 1 23 1 21 22 108 20 0 21 
96 0 102 115 20 1 21 22 100 0 42 1 22 108 20 72 21 92 22 108 20 72 21 
0 35 37 72 23 72 23 72 38 96 0 102 0 22 108 20 0 21 
0 35 72 96 0 102 0 22 108 20 0 21 
0 35 20 1 23 1 23 1 23 1 21 0 35 1 96 0 102 0 22 0 35 0 26 0 20 74 21 
96 0 102 115 20 1 21 22 108 20 72 23 0 21 
96 0 102 115 20 1 23 1 23 1 21 22 108 20 72 23 0 21 
96 0 102 115 20 1 23 1 21 22 100 0 36 1 42 1 22 88 108 20 0 21 
96 0 102 115 20 1 23 1 21 22 100 0 36 1 43 1 22 108 20 0 21 
0 35 37 1 23 1 23 1 23 1 23 1 38 96 0 102 0 22 100 0 42 1 22 86 108 20 0 21 92 22 108 20 72 21 
0 35 37 37 1 23 1 23 1 38 23 37 1 23 1 23 1 38 23 37 1 23 1 23 1 38 38 96 0 102 0 22 96 0 102 0 22 108 20 0 21 
0 35 37 38 96 0 102 115 20 0 26 0 26 1 21 22 0 14 0 20 0 21 
96 0 102 115 20 1 23 1 21 22 96 0 102 115 20 1 23 0 21 22 100 0 36 0 42 1 22 108 20 0 23 72 23 0 23 72 23 0 29 0 21 86 92 22 108 20 0 23 72 21 
96 0 102 115 20 1 23 1 21 22 96 0 102 115 20 1 23 1 21 22 108 20 72 23 0 23 72 23 0 21 
0 35 37 72 23 72 23 72 23 72 23 72 38 96 0 102 115 20 0 20 0 21 21 22 108 20 72 23 0 37 0 38 21 
0 35 1 96 0 102 115 20 1 23 1 23 1 21 22 0 35 0 28 0 108 20 0 21 
0 35 37 1 23 1 23 1 23 1 23 1 23 1 23 1 38 96 0 102 0 22 100 0 34 1 22 86 91 0 34 1 22 88 91 0 36 1 42 1 22 108 20 0 21 
0 35 1 96 0 102 115 20 1 23 0 21 22 96 0 102 115 20 1 23 0 26 1 21 22 108 20 72 23 0 35 72 21 108 20 72 21 
0 35 37 1 23 1 23 1 23 1 23 1 38 96 0 102 0 22 100 0 42 1 22 108 20 72 21 86 108 20 0 21 92 22 108 20 72 21 
0 35 37 1 23 1 23 1 38 96 0 102 0 22 108 20 0 21 92 22 108 20 72 21 
0 35 1 96 0 102 115 20 1 23 1 21 22 0 35 0 20 0 20 72 21 21 0 55 0 108 20 0 21 
0 35 37 1 23 1 23 1 23 1 23 1 23 1 23 1 23 1 23 1 23 1 38 0 35 37 0 28 0 96 0 102 0 38 
96 0 102 115 20 1 21 22 96 0 102 115 20 1 23 1 21 22 108 20 0 23 72 23 0 21 
0 35 0 20 0 20 72 21 21 96 0 102 115 20 0 21 22 108 20 72 21 
96 0 102 115 20 1 21 22 100 0 42 1 22 86 108 20 0 21 92 22 108 20 72 21 
96 0 102 115 20 1 21 22 100 0 36 1 42 1 81 0 36 1 42 1 22 108 20 72 21 91 0 36 1 42 1 22 108 20 72 21 91 0 36 1 42 1 22 108 20 72 21 92 22 108 20 72 21 
0 35 37 72 23 72 23 72 23 72 38 96 0 23 0 102 0 20 0 21 22 108 20 0 23 72 23 0 21 
0 35 37 1 23 1 23 1 23 1 23 1 38 0 35 37 38 70 
96 0 102 115 20 1 23 1 21 22 96 0 102 115 20 1 23 0 21 22 100 0 36 0 42 1 22 108 20 0 23 72 23 0 23 72 23 0 29 0 21 86 92 22 108 20 0 23 72 21 
0 35 37 1 23 1 23 1 23 1 23 1 38 0 35 37 38 70 

